- params:
  - roll: -0.3766985309403237
  - pitch: -0.9260130378556473
  - yaw: -2.412104230426113
